0.0000 3.000000
0.0016 2.997024
0.0031 2.994053
0.0047 2.991088
0.0063 2.988128
0.0078 2.985174
0.0094 2.982225
0.0109 2.979283
0.0125 2.976344
0.0141 2.973412
0.0156 2.970484
0.0172 2.967563
0.0187 2.964646
0.0203 2.961736
0.0219 2.958828
0.0234 2.955929
0.0250 2.953032
0.0266 2.950143
0.0281 2.947257
0.0297 2.944378
0.0313 2.941502
0.0328 2.938634
0.0344 2.935768
0.0359 2.932911
0.0375 2.930054
0.0391 2.927208
0.0406 2.924361
0.0422 2.921525
0.0438 2.918688
0.0453 2.915863
0.0469 2.913036
0.0484 2.910221
0.0500 2.907404
0.0516 2.904600
0.0531 2.901792
0.0547 2.898998
0.0563 2.896200
0.0578 2.893417
0.0594 2.890628
0.0609 2.887855
0.0625 2.885076
0.0641 2.882314
0.0656 2.879544
0.0672 2.876792
0.0688 2.874032
0.0703 2.871290
0.0719 2.868540
0.0734 2.865808
0.0750 2.863067
0.0766 2.860346
0.0781 2.857614
0.0797 2.854903
0.0812 2.852181
0.0828 2.849480
0.0844 2.846767
0.0859 2.844077
0.0875 2.841373
0.0891 2.838693
0.0906 2.835998
0.0922 2.833328
0.0937 2.830643
0.0953 2.827983
0.0969 2.825307
0.0984 2.822658
0.1000 2.819991
0.1016 2.817351
0.1031 2.814694
0.1047 2.812064
0.1062 2.809416
0.1078 2.806797
0.1094 2.804157
0.1109 2.801548
0.1125 2.798917
0.1141 2.796319
0.1156 2.793697
0.1172 2.791108
0.1187 2.788496
0.1203 2.785917
0.1219 2.783314
0.1234 2.780745
0.1250 2.778150
0.1266 2.775592
0.1281 2.773006
0.1297 2.770458
0.1312 2.767881
0.1328 2.765342
0.1344 2.762775
0.1359 2.760246
0.1375 2.757687
0.1391 2.755168
0.1406 2.752618
0.1422 2.750110
0.1437 2.747569
0.1453 2.745070
0.1469 2.742538
0.1484 2.740049
0.1500 2.737525
0.1516 2.735046
0.1531 2.732532
0.1547 2.730063
0.1562 2.727557
0.1578 2.725098
0.1594 2.722600
0.1609 2.720151
0.1625 2.717663
0.1641 2.715223
0.1656 2.712743
0.1672 2.710314
0.1687 2.707843
0.1703 2.705423
0.1719 2.702961
0.1734 2.700551
0.1750 2.698097
0.1766 2.695697
0.1781 2.693252
0.1797 2.690862
0.1812 2.688425
0.1828 2.686045
0.1844 2.683617
0.1859 2.681246
0.1875 2.678827
0.1891 2.676466
0.1906 2.674055
0.1922 2.671704
0.1937 2.669302
0.1953 2.666960
0.1969 2.664566
0.1984 2.662235
0.2000 2.659850
0.2016 2.657528
0.2031 2.655151
0.2047 2.652839
0.2062 2.650470
0.2078 2.648168
0.2094 2.645808
0.2109 2.643515
0.2125 2.641164
0.2141 2.638881
0.2156 2.636538
0.2172 2.634265
0.2187 2.631930
0.2203 2.629666
0.2219 2.627340
0.2234 2.625086
0.2250 2.622768
0.2266 2.620524
0.2281 2.618214
0.2297 2.615979
0.2312 2.613678
0.2328 2.611453
0.2344 2.609160
0.2359 2.606945
0.2375 2.604660
0.2391 2.602454
0.2406 2.600178
0.2422 2.597982
0.2437 2.595714
0.2453 2.593527
0.2469 2.591268
0.2484 2.589090
0.2500 2.586839
0.2516 2.584671
0.2531 2.582428
0.2547 2.580270
0.2562 2.578035
0.2578 2.575887
0.2594 2.573660
0.2609 2.571521
0.2625 2.569303
0.2641 2.567173
0.2656 2.564963
0.2672 2.562843
0.2687 2.560641
0.2703 2.558531
0.2719 2.556337
0.2734 2.554236
0.2750 2.552050
0.2766 2.549958
0.2781 2.547781
0.2797 2.545699
0.2812 2.543529
0.2828 2.541457
0.2844 2.539296
0.2859 2.537232
0.2875 2.535079
0.2891 2.533026
0.2906 2.530880
0.2922 2.528836
0.2937 2.526699
0.2953 2.524664
0.2969 2.522535
0.2984 2.520510
0.3000 2.518389
0.3016 2.516373
0.3031 2.514260
0.3047 2.512254
0.3063 2.510149
0.3078 2.508152
0.3094 2.506055
0.3109 2.504067
0.3125 2.501978
0.3141 2.500000
0.3156 2.497919
0.3172 2.495950
0.3188 2.493877
0.3203 2.491917
0.3219 2.489852
0.3234 2.487902
0.3250 2.485845
0.3266 2.483904
0.3281 2.481855
0.3297 2.479924
0.3313 2.477883
0.3328 2.475960
0.3344 2.473927
0.3359 2.472014
0.3375 2.469989
0.3391 2.468085
0.3406 2.466068
0.3422 2.464174
0.3438 2.462164
0.3453 2.460279
0.3469 2.458278
0.3484 2.456402
0.3500 2.454408
0.3516 2.452542
0.3531 2.450556
0.3547 2.448699
0.3563 2.446721
0.3578 2.444873
0.3594 2.442903
0.3609 2.441064
0.3625 2.439102
0.3641 2.437273
0.3656 2.435318
0.3672 2.433498
0.3688 2.431551
0.3703 2.429740
0.3719 2.427801
0.3734 2.426000
0.3750 2.424069
0.3766 2.422276
0.3781 2.420353
0.3797 2.418570
0.3813 2.416654
0.3828 2.414880
0.3844 2.412972
0.3859 2.411207
0.3875 2.409307
0.3891 2.407552
0.3906 2.405659
0.3922 2.403913
0.3938 2.402028
0.3953 2.400291
0.3969 2.398414
0.3984 2.396686
0.4000 2.394817
0.4016 2.393098
0.4031 2.391237
0.4047 2.389527
0.4063 2.387673
0.4078 2.385972
0.4094 2.384126
0.4109 2.382435
0.4125 2.380596
0.4141 2.378914
0.4156 2.377083
0.4172 2.375410
0.4188 2.373587
0.4203 2.371923
0.4219 2.370107
0.4234 2.368452
0.4250 2.366645
0.4266 2.364999
0.4281 2.363199
0.4297 2.361562
0.4313 2.359769
0.4328 2.358141
0.4344 2.356357
0.4359 2.354738
0.4375 2.352961
0.4391 2.351351
0.4406 2.349581
0.4422 2.347981
0.4438 2.346219
0.4453 2.344627
0.4469 2.342873
0.4484 2.341290
0.4500 2.339544
0.4516 2.337970
0.4531 2.336231
0.4547 2.334667
0.4563 2.332935
0.4578 2.331379
0.4594 2.329655
0.4609 2.328109
0.4625 2.326392
0.4641 2.324855
0.4656 2.323146
0.4672 2.321618
0.4688 2.319916
0.4703 2.318397
0.4719 2.316703
0.4734 2.315193
0.4750 2.313506
0.4766 2.312005
0.4781 2.310326
0.4797 2.308833
0.4813 2.307162
0.4828 2.305679
0.4844 2.304014
0.4859 2.302540
0.4875 2.300884
0.4891 2.299418
0.4906 2.297769
0.4922 2.296313
0.4938 2.294671
0.4953 2.293224
0.4969 2.291590
0.4984 2.290151
0.5000 2.288524
0.5016 2.287095
0.5031 2.285476
0.5047 2.284055
0.5063 2.282443
0.5078 2.281032
0.5094 2.279427
0.5109 2.278025
0.5125 2.276428
0.5141 2.275034
0.5156 2.273444
0.5172 2.272060
0.5188 2.270477
0.5203 2.269102
0.5219 2.267527
0.5234 2.266160
0.5250 2.264592
0.5266 2.263235
0.5281 2.261674
0.5297 2.260325
0.5313 2.258772
0.5328 2.257433
0.5344 2.255887
0.5359 2.254556
0.5375 2.253018
0.5391 2.251696
0.5406 2.250165
0.5422 2.248851
0.5438 2.247328
0.5453 2.246024
0.5469 2.244507
0.5484 2.243212
0.5500 2.241703
0.5516 2.240416
0.5531 2.238915
0.5547 2.237637
0.5563 2.236143
0.5578 2.234874
0.5594 2.233387
0.5609 2.232127
0.5625 2.230648
0.5641 2.229396
0.5656 2.227924
0.5672 2.226682
0.5688 2.225217
0.5703 2.223983
0.5719 2.222526
0.5734 2.221301
0.5750 2.219850
0.5766 2.218635
0.5781 2.217192
0.5797 2.215985
0.5813 2.214549
0.5828 2.213351
0.5844 2.211922
0.5859 2.210733
0.5875 2.209311
0.5891 2.208131
0.5906 2.206717
0.5922 2.205545
0.5938 2.204138
0.5953 2.202975
0.5969 2.201575
0.5984 2.200421
0.6000 2.199029
0.6016 2.197884
0.6031 2.196499
0.6047 2.195362
0.6063 2.193984
0.6078 2.192856
0.6094 2.191486
0.6109 2.190367
0.6125 2.189003
0.6141 2.187893
0.6156 2.186537
0.6172 2.185435
0.6188 2.184086
0.6203 2.182994
0.6219 2.181652
0.6234 2.180568
0.6250 2.179233
0.6266 2.178158
0.6281 2.176831
0.6297 2.175764
0.6313 2.174444
0.6328 2.173386
0.6344 2.172073
0.6359 2.171024
0.6375 2.169718
0.6391 2.168678
0.6406 2.167379
0.6422 2.166348
0.6438 2.165056
0.6453 2.164034
0.6469 2.162749
0.6484 2.161735
0.6500 2.160458
0.6516 2.159453
0.6531 2.158183
0.6547 2.157186
0.6563 2.155923
0.6578 2.154935
0.6594 2.153679
0.6609 2.152701
0.6625 2.151452
0.6641 2.150481
0.6656 2.149240
0.6672 2.148278
0.6688 2.147044
0.6703 2.146091
0.6719 2.144863
0.6734 2.143919
0.6750 2.142699
0.6766 2.141763
0.6781 2.140550
0.6797 2.139623
0.6813 2.138417
0.6828 2.137499
0.6844 2.136300
0.6859 2.135391
0.6875 2.134199
0.6891 2.133298
0.6906 2.132113
0.6922 2.131221
0.6938 2.130044
0.6953 2.129160
0.6969 2.127990
0.6984 2.127115
0.7000 2.125951
0.7016 2.125085
0.7031 2.123929
0.7047 2.123072
0.7063 2.121922
0.7078 2.121074
0.7094 2.119931
0.7109 2.119091
0.7125 2.117956
0.7141 2.117125
0.7156 2.115996
0.7172 2.115174
0.7188 2.114052
0.7203 2.113238
0.7219 2.112124
0.7234 2.111319
0.7250 2.110212
0.7266 2.109415
0.7281 2.108315
0.7297 2.107527
0.7313 2.106434
0.7328 2.105654
0.7344 2.104568
0.7359 2.103798
0.7375 2.102718
0.7391 2.101956
0.7406 2.100884
0.7422 2.100131
0.7438 2.099066
0.7453 2.098321
0.7469 2.097263
0.7484 2.096527
0.7500 2.095476
0.7516 2.094748
0.7531 2.093704
0.7547 2.092986
0.7563 2.091949
0.7578 2.091238
0.7594 2.090208
0.7609 2.089507
0.7625 2.088484
0.7641 2.087791
0.7656 2.086775
0.7672 2.086090
0.7688 2.085081
0.7703 2.084405
0.7719 2.083403
0.7734 2.082736
0.7750 2.081741
0.7766 2.081083
0.7781 2.080095
0.7797 2.079445
0.7813 2.078463
0.7828 2.077822
0.7844 2.076848
0.7859 2.076215
0.7875 2.075248
0.7891 2.074624
0.7906 2.073664
0.7922 2.073048
0.7938 2.072095
0.7953 2.071488
0.7969 2.070542
0.7984 2.069943
0.8000 2.069004
0.8016 2.068414
0.8031 2.067482
0.8047 2.066901
0.8063 2.065975
0.8078 2.065403
0.8094 2.064484
0.8109 2.063920
0.8125 2.063009
0.8141 2.062453
0.8156 2.061549
0.8172 2.061002
0.8188 2.060105
0.8203 2.059566
0.8219 2.058676
0.8234 2.058146
0.8250 2.057262
0.8266 2.056741
0.8281 2.055864
0.8297 2.055352
0.8313 2.054482
0.8328 2.053978
0.8344 2.053115
0.8359 2.052620
0.8375 2.051764
0.8391 2.051277
0.8406 2.050428
0.8422 2.049950
0.8438 2.049107
0.8453 2.048638
0.8469 2.047803
0.8484 2.047341
0.8500 2.046513
0.8516 2.046060
0.8531 2.045239
0.8547 2.044795
0.8563 2.043981
0.8578 2.043545
0.8594 2.042738
0.8609 2.042311
0.8625 2.041510
0.8641 2.041092
0.8656 2.040298
0.8672 2.039888
0.8688 2.039102
0.8703 2.038700
0.8719 2.037920
0.8734 2.037528
0.8750 2.036755
0.8766 2.036371
0.8781 2.035605
0.8797 2.035229
0.8813 2.034470
0.8828 2.034103
0.8844 2.033350
0.8859 2.032992
0.8875 2.032247
0.8891 2.031897
0.8906 2.031158
0.8922 2.030817
0.8938 2.030085
0.8953 2.029752
0.8969 2.029028
0.8984 2.028703
0.9000 2.027985
0.9016 2.027670
0.9031 2.026959
0.9047 2.026651
0.9063 2.025947
0.9078 2.025649
0.9094 2.024952
0.9109 2.024661
0.9125 2.023971
0.9141 2.023689
0.9156 2.023006
0.9172 2.022733
0.9188 2.022057
0.9203 2.021792
0.9219 2.021122
0.9234 2.020866
0.9250 2.020204
0.9266 2.019956
0.9281 2.019300
0.9297 2.019061
0.9313 2.018412
0.9328 2.018182
0.9344 2.017540
0.9359 2.017318
0.9375 2.016683
0.9391 2.016469
0.9406 2.015841
0.9422 2.015636
0.9438 2.015015
0.9453 2.014818
0.9469 2.014204
0.9484 2.014016
0.9500 2.013408
0.9516 2.013229
0.9531 2.012628
0.9547 2.012457
0.9563 2.011863
0.9578 2.011701
0.9594 2.011114
0.9609 2.010960
0.9625 2.010380
0.9641 2.010235
0.9656 2.009662
0.9672 2.009525
0.9688 2.008958
0.9703 2.008830
0.9719 2.008271
0.9734 2.008151
0.9750 2.007598
0.9766 2.007487
0.9781 2.006941
0.9797 2.006839
0.9813 2.006300
0.9828 2.006206
0.9844 2.005674
0.9859 2.005588
0.9875 2.005063
0.9891 2.004986
0.9906 2.004467
0.9922 2.004399
0.9938 2.003887
0.9953 2.003827
0.9969 2.003323
0.9984 2.003271
