0.000000 3.000000
0.001563 2.997069
0.003125 2.994139
0.004688 2.991208
0.006250 2.988278
0.007812 2.985348
0.009375 2.982419
0.010937 2.979491
0.012500 2.976564
0.014062 2.973637
0.015625 2.970712
0.017187 2.967787
0.018750 2.964865
0.020313 2.961943
0.021875 2.959023
0.023438 2.956105
0.025000 2.953189
0.026563 2.950274
0.028125 2.947361
0.029688 2.944451
0.031250 2.941543
0.032813 2.938637
0.034375 2.935734
0.035938 2.932834
0.037500 2.929936
0.039063 2.927041
0.040625 2.924149
0.042188 2.921260
0.043750 2.918375
0.045313 2.915493
0.046875 2.912614
0.048438 2.909739
0.050000 2.906867
0.051563 2.904000
0.053125 2.901136
0.054688 2.898277
0.056250 2.895421
0.057813 2.892570
0.059375 2.889724
0.060938 2.886882
0.062500 2.884044
0.064063 2.881212
0.065625 2.878384
0.067188 2.875561
0.068750 2.872744
0.070312 2.869931
0.071875 2.867125
0.073437 2.864323
0.075000 2.861527
0.076562 2.858737
0.078125 2.855953
0.079687 2.853175
0.081250 2.850403
0.082812 2.847637
0.084375 2.844878
0.085937 2.842125
0.087500 2.839379
0.089062 2.836639
0.090625 2.833906
0.092187 2.831180
0.093750 2.828461
0.095312 2.825750
0.096875 2.823045
0.098437 2.820348
0.100000 2.817659
0.101562 2.814977
0.103125 2.812303
0.104687 2.809637
0.106250 2.806979
0.107812 2.804329
0.109375 2.801688
0.110937 2.799054
0.112500 2.796430
0.114062 2.793813
0.115625 2.791206
0.117187 2.788608
0.118750 2.786018
0.120312 2.783438
0.121875 2.780866
0.123437 2.778305
0.125000 2.775752
0.126562 2.773209
0.128125 2.770676
0.129687 2.768153
0.131250 2.765639
0.132812 2.763136
0.134375 2.760643
0.135937 2.758160
0.137500 2.755688
0.139062 2.753226
0.140625 2.750775
0.142187 2.748334
0.143750 2.745905
0.145312 2.743486
0.146875 2.741079
0.148437 2.738683
0.150000 2.736298
0.151562 2.733925
0.153125 2.731563
0.154687 2.729213
0.156250 2.726875
0.157812 2.724549
0.159375 2.722235
0.160937 2.719933
0.162500 2.717644
0.164062 2.715367
0.165625 2.713102
0.167187 2.710850
0.168750 2.708611
0.170312 2.706385
0.171875 2.704173
0.173437 2.701973
0.175000 2.699786
0.176562 2.697613
0.178125 2.695454
0.179687 2.693308
0.181250 2.691176
0.182812 2.689058
0.184375 2.686953
0.185937 2.684863
0.187500 2.682787
0.189062 2.680726
0.190625 2.678679
0.192187 2.676647
0.193750 2.674629
0.195312 2.672626
0.196875 2.670638
0.198437 2.668666
0.200000 2.666708
0.201562 2.664766
0.203125 2.662839
0.204687 2.660926
0.206250 2.659027
0.207812 2.657142
0.209375 2.655271
0.210937 2.653413
0.212500 2.651567
0.214062 2.649733
0.215625 2.647912
0.217187 2.646102
0.218750 2.644303
0.220312 2.642514
0.221875 2.640736
0.223437 2.638968
0.225000 2.637210
0.226562 2.635461
0.228125 2.633720
0.229687 2.631988
0.231250 2.630264
0.232812 2.628547
0.234375 2.626838
0.235937 2.625136
0.237500 2.623440
0.239062 2.621751
0.240625 2.620067
0.242187 2.618388
0.243750 2.616714
0.245312 2.615045
0.246875 2.613380
0.248437 2.611719
0.250000 2.610061
0.251562 2.608407
0.253125 2.606754
0.254687 2.605105
0.256250 2.603457
0.257812 2.601810
0.259375 2.600165
0.260937 2.598520
0.262500 2.596876
0.264062 2.595232
0.265625 2.593587
0.267187 2.591942
0.268750 2.590295
0.270312 2.588647
0.271875 2.586996
0.273437 2.585344
0.275000 2.583688
0.276562 2.582030
0.278125 2.580368
0.279687 2.578702
0.281250 2.577032
0.282812 2.575357
0.284375 2.573677
0.285937 2.571992
0.287500 2.570301
0.289062 2.568604
0.290625 2.566900
0.292187 2.565189
0.293750 2.563471
0.295312 2.561745
0.296875 2.560011
0.298438 2.558268
0.300000 2.556517
0.301563 2.554756
0.303125 2.552986
0.304688 2.551206
0.306250 2.549415
0.307813 2.547613
0.309375 2.545801
0.310938 2.543976
0.312500 2.542140
0.314063 2.540291
0.315625 2.538430
0.317188 2.536556
0.318750 2.534668
0.320313 2.532766
0.321875 2.530850
0.323438 2.528919
0.325000 2.526973
0.326563 2.525012
0.328125 2.523035
0.329688 2.521042
0.331250 2.519032
0.332813 2.517005
0.334375 2.514961
0.335938 2.512899
0.337500 2.510820
0.339063 2.508721
0.340625 2.506604
0.342188 2.504468
0.343750 2.502311
0.345313 2.500135
0.346875 2.497939
0.348438 2.495721
0.350000 2.493483
0.351563 2.491223
0.353125 2.488941
0.354688 2.486636
0.356250 2.484309
0.357813 2.481959
0.359375 2.479585
0.360938 2.477188
0.362500 2.474766
0.364063 2.472319
0.365625 2.469848
0.367188 2.467351
0.368750 2.464828
0.370313 2.462279
0.371875 2.459704
0.373438 2.457101
0.375000 2.454472
0.376563 2.451814
0.378125 2.449129
0.379688 2.446415
0.381250 2.443672
0.382813 2.440900
0.384375 2.438098
0.385938 2.435266
0.387500 2.432404
0.389063 2.429511
0.390625 2.426587
0.392188 2.423631
0.393750 2.420644
0.395313 2.417624
0.396875 2.414571
0.398438 2.411485
0.400000 2.408366
0.401563 2.408240
0.403125 2.408081
0.404688 2.407889
0.406250 2.407663
0.407813 2.407405
0.409375 2.407115
0.410938 2.406792
0.412500 2.406438
0.414063 2.406052
0.415625 2.405634
0.417188 2.405186
0.418750 2.404707
0.420313 2.404198
0.421875 2.403659
0.423438 2.403090
0.425000 2.402492
0.426563 2.401864
0.428125 2.401207
0.429688 2.400522
0.431250 2.399809
0.432813 2.399067
0.434375 2.398298
0.435938 2.397501
0.437500 2.396678
0.439063 2.395827
0.440625 2.394950
0.442188 2.394046
0.443750 2.393117
0.445313 2.392162
0.446875 2.391181
0.448438 2.390176
0.450000 2.389145
0.451563 2.388090
0.453125 2.387011
0.454688 2.385908
0.456250 2.384781
0.457813 2.383631
0.459375 2.382458
0.460938 2.381262
0.462500 2.380044
0.464063 2.378804
0.465625 2.377541
0.467188 2.376257
0.468750 2.374952
0.470313 2.373626
0.471875 2.372279
0.473438 2.370911
0.475000 2.369524
0.476563 2.368116
0.478125 2.366689
0.479688 2.365243
0.481250 2.363778
0.482813 2.362294
0.484375 2.360792
0.485938 2.359272
0.487500 2.357734
0.489063 2.356178
0.490625 2.354605
0.492188 2.353016
0.493750 2.351409
0.495313 2.349787
0.496875 2.348148
0.498438 2.346493
0.500000 2.344824
0.501563 2.343138
0.503125 2.341439
0.504688 2.339724
0.506250 2.337995
0.507813 2.336252
0.509375 2.334496
0.510938 2.332726
0.512500 2.330943
0.514063 2.329147
0.515625 2.327339
0.517188 2.325518
0.518750 2.323686
0.520313 2.321841
0.521875 2.319986
0.523438 2.318119
0.525000 2.316242
0.526563 2.314354
0.528125 2.312456
0.529688 2.310548
0.531250 2.308630
0.532813 2.306703
0.534375 2.304767
0.535938 2.302822
0.537500 2.300869
0.539063 2.298908
0.540625 2.296938
0.542188 2.294962
0.543750 2.292978
0.545313 2.290987
0.546875 2.288989
0.548438 2.286985
0.550000 2.284975
0.551563 2.282959
0.553125 2.280937
0.554688 2.278910
0.556250 2.276879
0.557813 2.274842
0.559375 2.272802
0.560938 2.270757
0.562500 2.268708
0.564063 2.266656
0.565625 2.264601
0.567188 2.262543
0.568750 2.260482
0.570313 2.258419
0.571875 2.256354
0.573438 2.254288
0.575000 2.252220
0.576563 2.250150
0.578125 2.248080
0.579688 2.246009
0.581250 2.243938
0.582813 2.241868
0.584375 2.239797
0.585938 2.237727
0.587500 2.235658
0.589063 2.233590
0.590625 2.231524
0.592188 2.229459
0.593750 2.227396
0.595313 2.225336
0.596875 2.223279
0.598438 2.221224
0.600000 2.219173
0.601563 2.217934
0.603125 2.216698
0.604688 2.215466
0.606250 2.214238
0.607813 2.213013
0.609375 2.211792
0.610938 2.210574
0.612500 2.209361
0.614063 2.208150
0.615625 2.206944
0.617188 2.205741
0.618750 2.204542
0.620313 2.203347
0.621875 2.202155
0.623438 2.200968
0.625000 2.199784
0.626563 2.198604
0.628125 2.197428
0.629688 2.196255
0.631250 2.195087
0.632813 2.193922
0.634375 2.192762
0.635938 2.191605
0.637500 2.190452
0.639063 2.189304
0.640625 2.188159
0.642188 2.187018
0.643750 2.185882
0.645313 2.184749
0.646875 2.183620
0.648438 2.182496
0.650000 2.181375
0.651563 2.180259
0.653125 2.179147
0.654688 2.178039
0.656250 2.176935
0.657813 2.175836
0.659375 2.174740
0.660938 2.173649
0.662500 2.172562
0.664063 2.171480
0.665625 2.170402
0.667188 2.169328
0.668750 2.168258
0.670313 2.167193
0.671875 2.166132
0.673438 2.165075
0.675000 2.164023
0.676563 2.162975
0.678125 2.161932
0.679688 2.160893
0.681250 2.159858
0.682813 2.158829
0.684375 2.157803
0.685938 2.156782
0.687500 2.155766
0.689063 2.154754
0.690625 2.153747
0.692188 2.152744
0.693750 2.151747
0.695313 2.150753
0.696875 2.149765
0.698438 2.148781
0.700000 2.147801
0.701563 2.146827
0.703125 2.145857
0.704688 2.144892
0.706250 2.143931
0.707813 2.142976
0.709375 2.142025
0.710938 2.141079
0.712500 2.140138
0.714063 2.139202
0.715625 2.138271
0.717188 2.137344
0.718750 2.136423
0.720313 2.135506
0.721875 2.134594
0.723438 2.133688
0.725000 2.132786
0.726563 2.131889
0.728125 2.130998
0.729688 2.130111
0.731250 2.129230
0.732813 2.128353
0.734375 2.127482
0.735938 2.126616
0.737500 2.125754
0.739063 2.124898
0.740625 2.124048
0.742188 2.123202
0.743750 2.122362
0.745313 2.121527
0.746875 2.120697
0.748438 2.119872
0.750000 2.119053
0.751563 2.118239
0.753125 2.117430
0.754688 2.116626
0.756250 2.115828
0.757813 2.115036
0.759375 2.114248
0.760938 2.113466
0.762500 2.112690
0.764063 2.111919
0.765625 2.111153
0.767188 2.110393
0.768750 2.109639
0.770313 2.108890
0.771875 2.108146
0.773438 2.107408
0.775000 2.106676
0.776563 2.105949
0.778125 2.105228
0.779688 2.104513
0.781250 2.103803
0.782813 2.103099
0.784375 2.102400
0.785938 2.101707
0.787500 2.101020
0.789063 2.100339
0.790625 2.099663
0.792188 2.098993
0.793750 2.098329
0.795313 2.097671
0.796875 2.097019
0.798438 2.096372
0.800000 2.095732
0.801563 2.095021
0.803125 2.094317
0.804688 2.093618
0.806250 2.092926
0.807813 2.092239
0.809375 2.091557
0.810938 2.090881
0.812500 2.090211
0.814063 2.089546
0.815625 2.088887
0.817188 2.088233
0.818750 2.087585
0.820313 2.086942
0.821875 2.086304
0.823438 2.085671
0.825000 2.085044
0.826563 2.084422
0.828125 2.083804
0.829688 2.083192
0.831250 2.082585
0.832813 2.081983
0.834375 2.081386
0.835938 2.080794
0.837500 2.080206
0.839063 2.079624
0.840625 2.079046
0.842188 2.078472
0.843750 2.077904
0.845313 2.077340
0.846875 2.076780
0.848438 2.076225
0.850000 2.075675
0.851563 2.075129
0.853125 2.074587
0.854688 2.074050
0.856250 2.073517
0.857813 2.072988
0.859375 2.072463
0.860938 2.071943
0.862500 2.071426
0.864063 2.070914
0.865625 2.070405
0.867188 2.069901
0.868750 2.069401
0.870313 2.068904
0.871875 2.068411
0.873438 2.067922
0.875000 2.067437
0.876563 2.066955
0.878125 2.066477
0.879688 2.066003
0.881250 2.065532
0.882813 2.065064
0.884375 2.064600
0.885938 2.064140
0.887500 2.063683
0.889063 2.063229
0.890625 2.062778
0.892188 2.062331
0.893750 2.061887
0.895313 2.061446
0.896875 2.061008
0.898438 2.060573
0.900000 2.060141
0.901563 2.059712
0.903125 2.059285
0.904688 2.058862
0.906250 2.058442
0.907813 2.058024
0.909375 2.057609
0.910938 2.057197
0.912500 2.056787
0.914063 2.056380
0.915625 2.055975
0.917188 2.055573
0.918750 2.055174
0.920313 2.054776
0.921875 2.054381
0.923438 2.053989
0.925000 2.053598
0.926563 2.053210
0.928125 2.052824
0.929688 2.052440
0.931250 2.052058
0.932813 2.051679
0.934375 2.051301
0.935938 2.050925
0.937500 2.050551
0.939063 2.050179
0.940625 2.049808
0.942188 2.049440
0.943750 2.049073
0.945313 2.048708
0.946875 2.048344
0.948438 2.047982
0.950000 2.047621
0.951563 2.047262
0.953125 2.046905
0.954688 2.046548
0.956250 2.046193
0.957813 2.045840
0.959375 2.045487
0.960938 2.045136
0.962500 2.044786
0.964063 2.044437
0.965625 2.044089
0.967188 2.043742
0.968750 2.043396
0.970313 2.043051
0.971875 2.042707
0.973438 2.042364
0.975000 2.042021
0.976563 2.041679
0.978125 2.041338
0.979688 2.040998
0.981250 2.040658
0.982813 2.040319
0.984375 2.039980
0.985938 2.039641
0.987500 2.039303
0.989063 2.038966
0.990625 2.038629
0.992188 2.038292
0.993750 2.037955
0.995313 2.037618
0.996875 2.037282
0.998438 2.036946
